Annio,Mes,Dia,(12-18],(18-00],(00-06],(06-12],SumaDiaria,AcumuladoMensual
2019,10,1 ,3.8,s/p,s/p,s/p,3.8,3.8
2019,10,2 ,s/p,s/p,s/p,0.4,0.4,4.2
2019,10,3 ,s/p,s/p,s/p,0.8,0.8,5.0
2019,10,4 ,s/p,s/p,,s/p,s/p,5.0
2019,10,5 ,s/p,s/p,,2.7,2.7,7.7
2019,10,6 ,6.6,1.5,1.2,0.3,9.6,17.3
2019,10,7 ,0.2,0.1,s/p,s/p,0.3,17.6
2019,10,8 ,0.2,,s/p,,0.2,17.8
2019,10,9 ,s/p,s/p,0.1,s/p,0.1,17.9
2019,10,10 ,s/p,s/p,s/p,s/p,s/p,17.9
2019,10,11 ,s/p,s/p,s/p,s/p,s/p,17.9
2019,10,12 ,s/p,0.2,,s/p,0.2,18.1
2019,10,13 ,s/p,s/p,s/p,s/p,s/p,18.1
2019,10,14 ,s/p,s/p,s/p,s/p,s/p,18.1
2019,10,15 ,s/p,s/p,s/p,s/p,s/p,18.1
2019,10,16 ,s/p,s/p,s/p,s/p,s/p,18.1
2019,10,17 ,s/p,s/p,s/p,s/p,s/p,18.1
2019,10,18 ,s/p,s/p,s/p,s/p,s/p,18.1
2019,10,19 ,s/p,s/p,,s/p,s/p,18.1
2019,10,20 ,s/p,0.1,s/p,0.1,0.2,18.3
2019,10,21 ,s/p,0.1,s/p,s/p,0.1,18.4
2019,10,22 ,0.2,s/p,s/p,s/p,0.2,18.6
2019,10,23 ,s/p,s/p,s/p,s/p,s/p,18.6
2019,10,24 ,s/p,s/p,s/p,s/p,s/p,18.6
2019,10,25 ,s/p,s/p,s/p,0.6,0.6,19.2
2019,10,26 ,1.0,1.2,,0.2,2.4,21.6
2019,10,27 ,0.3,0.3,0.1,0.2,0.9,22.5
2019,10,28 ,0.1,0.3,0.5,0.6,1.5,24.0
2019,10,29 ,0.6,0.7,0.5,0.4,2.2,26.2
2019,10,30 ,0.3,0.3,0.2,0.1,0.9,27.1
2019,10,31 ,0.2,0.3,0.1,0.3,0.9,28.0
