Annio,Mes,Dia,(12-18],(18-00],(00-06],(06-12],SumaDiaria,AcumuladoMensual
2022,1,1 ,s/p,s/p,s/p,s/p,s/p,s/p
2022,1,2 ,s/p,s/p,s/p,s/p,s/p,s/p
2022,1,3 ,s/p,s/p,s/p,s/p,s/p,s/p
2022,1,4 ,s/p,s/p,s/p,s/p,s/p,s/p
2022,1,5 ,s/p,s/p,s/p,s/p,s/p,s/p
2022,1,6 ,s/p,0.9,1.9,0.1,2.9,2.9
2022,1,7 ,s/p,6.7,8.7,1.3,16.7,19.6
2022,1,8 ,s/p,3.2,0.1,s/p,3.3,22.9
2022,1,9 ,s/p,0.2,0.6,0.1,0.9,23.8
2022,1,10 ,0.2,5.2,0.6,0.1,6.1,29.9
2022,1,11 ,0.4,3.9,0.1,s/p,4.4,34.3
2022,1,12 ,3.5,2.4,0.1,s/p,6.0,40.3
2022,1,13 ,s/p,12.5,,s/p,12.5,52.8
2022,1,14 ,2.8,1.8,s/p,s/p,4.6,57.4
2022,1,15 ,s/p,s/p,s/p,s/p,s/p,57.4
2022,1,16 ,s/p,s/p,s/p,s/p,s/p,57.4
2022,1,17 ,s/p,s/p,s/p,s/p,s/p,57.4
2022,1,18 ,s/p,s/p,s/p,s/p,s/p,57.4
2022,1,19 ,0.2,1.1,s/p,s/p,1.3,58.7
2022,1,20 ,s/p,s/p,0.3,0.1,0.4,59.1
2022,1,21 ,s/p,,s/p,s/p,s/p,59.1
2022,1,22 ,,,,,,
2022,1,23 ,,,s/p,,s/p,59.1
2022,1,24 ,,,s/p,,s/p,59.1
2022,1,25 ,,,s/p,,s/p,59.1
2022,1,26 ,,,1.9,,1.9,61.0
2022,1,27 ,,,1.9,,1.9,62.9
2022,1,28 ,,,s/p,,s/p,62.9
2022,1,29 ,,,,,,
2022,1,30 ,s/p,s/p,s/p,s/p,s/p,62.9
2022,1,31 ,s/p,s/p,s/p,s/p,s/p,62.9
