Annio,Mes,Dia,(12-18],(18-00],(00-06],(06-12],SumaDiaria,AcumuladoMensual
2022,7,1 ,2.3,s/p,s/p,0.1,2.4,2.4
2022,7,2 ,s/p,,,,s/p,2.4
2022,7,3 ,s/p,,s/p,1.1,1.1,3.5
2022,7,4 ,s/p,,s/p,,s/p,3.5
2022,7,5 ,,s/p,,,s/p,3.5
2022,7,6 ,0.6,,s/p,,0.6,4.1
2022,7,7 ,,s/p,s/p,s/p,s/p,4.1
2022,7,8 ,s/p,s/p,s/p,s/p,s/p,4.1
2022,7,9 ,,5.6,,0.3,5.9,10.0
2022,7,10 ,0.6,s/p,,0.2,0.8,10.8
2022,7,11 ,,,s/p,s/p,s/p,10.8
2022,7,12 ,,,s/p,,s/p,10.8
2022,7,13 ,,32.4,20.1,0.1,52.6,63.4
2022,7,14 ,s/p,4.7,,s/p,4.7,68.1
2022,7,15 ,4.2,4.5,,1.2,9.9,78.0
2022,7,16 ,,s/p,,,s/p,78.0
2022,7,17 ,3.2,6.2,0.7,0.1,10.2,88.2
2022,7,18 ,s/p,s/p,s/p,0.1,0.1,88.3
2022,7,19 ,s/p,s/p,s/p,s/p,s/p,88.3
2022,7,20 ,0.1,,s/p,0.2,0.3,88.6
2022,7,21 ,,,,0.1,0.1,88.7
2022,7,22 ,s/p,,s/p,0.1,0.1,88.8
2022,7,23 ,,s/p,s/p,s/p,s/p,88.8
2022,7,24 ,s/p,s/p,s/p,s/p,s/p,88.8
2022,7,25 ,s/p,s/p,3.2,3.5,6.7,95.5
2022,7,26 ,1.4,s/p,,s/p,1.4,96.9
2022,7,27 ,,,,s/p,s/p,96.9
2022,7,28 ,s/p,s/p,s/p,s/p,s/p,96.9
2022,7,29 ,s/p,,s/p,s/p,s/p,96.9
2022,7,30 ,,,s/p,s/p,s/p,96.9
2022,7,31 ,,,s/p,s/p,s/p,96.9
