Annio,Mes,Dia,(12-18],(18-00],(00-06],(06-12],SumaDiaria,AcumuladoMensual
2021,4,1 ,,,s/p,s/p,s/p,s/p
2021,4,2 ,s/p,s/p,s/p,s/p,s/p,s/p
2021,4,3 ,s/p,s/p,s/p,s/p,s/p,s/p
2021,4,4 ,s/p,s/p,s/p,s/p,s/p,s/p
2021,4,5 ,0.1,s/p,1.0,1.1,2.2,2.2
2021,4,6 ,s/p,0.6,0.3,0.3,1.2,3.4
2021,4,7 ,0.5,s/p,s/p,s/p,0.5,3.9
2021,4,8 ,s/p,s/p,s/p,s/p,s/p,3.9
2021,4,9 ,s/p,s/p,s/p,s/p,s/p,3.9
2021,4,10 ,s/p,s/p,s/p,s/p,s/p,3.9
2021,4,11 ,0.3,3.5,3.2,0.3,7.3,11.2
2021,4,12 ,s/p,s/p,s/p,s/p,s/p,11.2
2021,4,13 ,s/p,s/p,s/p,0.5,0.5,11.7
2021,4,14 ,0.2,s/p,s/p,s/p,0.2,11.9
2021,4,15 ,s/p,s/p,s/p,s/p,s/p,11.9
2021,4,16 ,s/p,s/p,s/p,s/p,s/p,11.9
2021,4,17 ,s/p,s/p,0.5,s/p,0.5,12.4
2021,4,18 ,3.2,s/p,s/p,1.7,4.9,17.3
2021,4,19 ,2.0,s/p,s/p,s/p,2.0,19.3
2021,4,20 ,,s/p,0.7,13.3,14.0,33.3
2021,4,21 ,0.2,s/p,,s/p,0.2,33.5
2021,4,22 ,s/p,1.0,,s/p,1.0,34.5
2021,4,23 ,s/p,s/p,s/p,s/p,s/p,34.5
2021,4,24 ,s/p,s/p,s/p,s/p,s/p,34.5
2021,4,25 ,s/p,s/p,,s/p,s/p,34.5
2021,4,26 ,s/p,s/p,s/p,s/p,s/p,34.5
2021,4,27 ,4.0,0.8,1.0,s/p,5.8,40.3
2021,4,28 ,s/p,s/p,,s/p,s/p,40.3
2021,4,29 ,s/p,s/p,s/p,s/p,s/p,40.3
2021,4,30 ,0.6,s/p,1.4,0.7,2.7,43.0
