Annio,Mes,Dia,(12-18],(18-00],(00-06],(06-12],SumaDiaria,AcumuladoMensual
2021,3,1 ,s/p,s/p,s/p,s/p,s/p,s/p
2021,3,2 ,s/p,s/p,s/p,s/p,s/p,s/p
2021,3,3 ,s/p,s/p,s/p,s/p,s/p,s/p
2021,3,4 ,s/p,s/p,s/p,s/p,s/p,s/p
2021,3,5 ,s/p,s/p,s/p,6.0,6.0,6.0
2021,3,6 ,2.8,s/p,2.6,0.8,6.2,12.2
2021,3,7 ,s/p,s/p,s/p,s/p,s/p,12.2
2021,3,8 ,s/p,s/p,s/p,s/p,s/p,12.2
2021,3,9 ,5.2,12.6,2.2,2.6,22.6,34.8
2021,3,10 ,1.8,0.8,s/p,3.4,6.0,40.8
2021,3,11 ,2.4,0.4,0.2,s/p,3.0,43.8
2021,3,12 ,s/p,s/p,s/p,s/p,s/p,43.8
2021,3,13 ,s/p,s/p,s/p,s/p,s/p,43.8
2021,3,14 ,s/p,s/p,s/p,s/p,s/p,43.8
2021,3,15 ,0.6,s/p,s/p,s/p,0.6,44.4
2021,3,16 ,s/p,s/p,s/p,s/p,s/p,44.4
2021,3,17 ,s/p,s/p,s/p,s/p,s/p,44.4
2021,3,18 ,s/p,s/p,s/p,s/p,s/p,44.4
2021,3,19 ,s/p,s/p,s/p,,s/p,44.4
2021,3,20 ,1.8,s/p,s/p,0.2,2.0,46.4
2021,3,21 ,s/p,s/p,s/p,s/p,s/p,46.4
2021,3,22 ,s/p,s/p,5.0,10.6,15.6,62.0
2021,3,23 ,1.0,s/p,s/p,s/p,1.0,63.0
2021,3,24 ,s/p,s/p,s/p,s/p,s/p,63.0
2021,3,25 ,s/p,s/p,s/p,s/p,s/p,63.0
2021,3,26 ,s/p,s/p,s/p,s/p,s/p,63.0
2021,3,27 ,s/p,0.2,s/p,s/p,0.2,63.2
2021,3,28 ,s/p,s/p,s/p,s/p,s/p,63.2
2021,3,29 ,s/p,s/p,s/p,s/p,s/p,63.2
2021,3,30 ,s/p,s/p,s/p,0.2,0.2,63.4
2021,3,31 ,s/p,s/p,s/p,s/p,s/p,63.4
