Annio,Mes,Dia,(12-18],(18-00],(00-06],(06-12],SumaDiaria,AcumuladoMensual
2012,5,1 ,,,,,s/p,s/p
2012,5,2 ,,,,,s/p,s/p
2012,5,3 ,,,,,s/p,s/p
2012,5,4 ,,,,,s/p,s/p
2012,5,5 ,,,,,s/p,s/p
2012,5,6 ,,,,,23.5,23.5
2012,5,7 ,,,,,s/p,23.5
2012,5,8 ,,,,,s/p,23.5
2012,5,9 ,,,,,s/p,23.5
2012,5,10 ,,,,,s/p,23.5
2012,5,11 ,,,,,s/p,23.5
2012,5,12 ,,,,,s/p,23.5
2012,5,13 ,,,,,s/p,23.5
2012,5,14 ,,,,,s/p,23.5
2012,5,15 ,,,,,14.0,37.5
2012,5,16 ,,,,,6.5,44.0
2012,5,17 ,,,,,2.5,46.5
2012,5,18 ,,,,,s/p,46.5
2012,5,19 ,,,,,47.5,94.0
2012,5,20 ,,,,,s/p,94.0
2012,5,21 ,,,,,s/p,94.0
2012,5,22 ,,,,,s/p,94.0
2012,5,23 ,,,,,s/p,94.0
2012,5,24 ,,,,,s/p,94.0
2012,5,25 ,,,,,19.0,113.0
2012,5,26 ,,,,,103.0,216.0
2012,5,27 ,,,,,45.0,261.0
2012,5,28 ,,,,,66.0,327.0
2012,5,29 ,,,,,s/p,327.0
2012,5,30 ,,,,,s/p,327.0
2012,5,31 ,,,,,s/p,327.0
