Annio,Mes,Dia,(12-18],(18-00],(00-06],(06-12],SumaDiaria,AcumuladoMensual
2012,6,1 ,,,,,57.0,57.0
2012,6,2 ,,,,,s/p,57.0
2012,6,3 ,,,,,s/p,57.0
2012,6,4 ,,,,,s/p,57.0
2012,6,5 ,,,,,s/p,57.0
2012,6,6 ,,,,,s/p,57.0
2012,6,7 ,,,,,s/p,57.0
2012,6,8 ,,,,,s/p,57.0
2012,6,9 ,,,,,s/p,57.0
2012,6,10 ,,,,,s/p,57.0
2012,6,11 ,,,,,12.0,69.0
2012,6,12 ,,,,,34.0,103.0
2012,6,13 ,,,,,19.0,122.0
2012,6,14 ,,,,,9.0,131.0
2012,6,15 ,,,,,21.5,152.5
2012,6,16 ,,,,,7.5,160.0
2012,6,17 ,,,,,48.0,208.0
2012,6,18 ,,,,,24.0,232.0
2012,6,19 ,,,,,19.0,251.0
2012,6,20 ,,,,,52.0,303.0
2012,6,21 ,,,,,s/p,303.0
2012,6,22 ,,,,,s/p,303.0
2012,6,23 ,,,,,s/p,303.0
2012,6,24 ,,,,,s/p,303.0
2012,6,25 ,,,,,s/p,303.0
2012,6,26 ,,,,,s/p,303.0
2012,6,27 ,,,,,32.0,335.0
2012,6,28 ,,,,,41.5,376.5
2012,6,29 ,,,,,8.0,384.5
2012,6,30 ,,,,,s/p,384.5
