Annio,Mes,Dia,(12-18],(18-00],(00-06],(06-12],SumaDiaria,AcumuladoMensual
2022,4,1 ,s/p,s/p,s/p,5.0,5.0,5.0
2022,4,2 ,3.5,s/p,s/p,2.4,5.9,10.9
2022,4,3 ,0.4,0.1,2.1,1.9,4.5,15.4
2022,4,4 ,0.2,s/p,s/p,s/p,0.2,15.6
2022,4,5 ,s/p,s/p,s/p,s/p,s/p,15.6
2022,4,6 ,s/p,s/p,s/p,s/p,s/p,15.6
2022,4,7 ,s/p,s/p,s/p,s/p,s/p,15.6
2022,4,8 ,s/p,s/p,s/p,s/p,s/p,15.6
2022,4,9 ,s/p,s/p,s/p,s/p,s/p,15.6
2022,4,10 ,s/p,s/p,1.1,1.8,2.9,18.5
2022,4,11 ,0.8,s/p,s/p,s/p,0.8,19.3
2022,4,12 ,s/p,s/p,s/p,s/p,s/p,19.3
2022,4,13 ,s/p,s/p,s/p,s/p,s/p,19.3
2022,4,14 ,s/p,s/p,1.4,0.2,1.6,20.9
2022,4,15 ,s/p,s/p,s/p,s/p,s/p,20.9
2022,4,16 ,s/p,s/p,2.2,0.3,2.5,23.4
2022,4,17 ,1.9,0.2,s/p,s/p,2.1,25.5
2022,4,18 ,s/p,s/p,s/p,s/p,s/p,25.5
2022,4,19 ,s/p,s/p,s/p,s/p,s/p,25.5
2022,4,20 ,s/p,0.1,s/p,s/p,0.1,25.6
2022,4,21 ,s/p,s/p,s/p,s/p,s/p,25.6
2022,4,22 ,s/p,,s/p,s/p,s/p,25.6
2022,4,23 ,4.6,6.3,5.7,0.2,16.8,42.4
2022,4,24 ,s/p,8.6,0.2,s/p,8.8,51.2
2022,4,25 ,s/p,s/p,s/p,s/p,s/p,51.2
2022,4,26 ,s/p,s/p,s/p,s/p,s/p,51.2
2022,4,27 ,s/p,s/p,s/p,s/p,s/p,51.2
2022,4,28 ,s/p,s/p,s/p,s/p,s/p,51.2
2022,4,29 ,s/p,s/p,s/p,s/p,s/p,51.2
2022,4,30 ,s/p,s/p,s/p,0.4,0.4,51.6
