Annio,Mes,Dia,(12-18],(18-00],(00-06],(06-12],SumaDiaria,AcumuladoMensual
2017,6,1 ,s/p,s/p,0.8,2.6,3.4,3.4
2017,6,2 ,1.8,0.4,s/p,s/p,2.2,5.6
2017,6,3 ,s/p,s/p,s/p,0.2,0.2,5.8
2017,6,4 ,s/p,s/p,s/p,s/p,s/p,5.8
2017,6,5 ,s/p,s/p,s/p,s/p,s/p,5.8
2017,6,6 ,s/p,s/p,s/p,s/p,s/p,5.8
2017,6,7 ,s/p,s/p,,s/p,s/p,5.8
2017,6,8 ,s/p,0.0,s/p,6.2,6.2,12.0
2017,6,9 ,5.0,s/p,1.0,0.6,6.6,18.6
2017,6,10 ,0.2,s/p,s/p,s/p,0.2,18.8
2017,6,11 ,s/p,s/p,4.1,8.6,12.7,31.5
2017,6,12 ,s/p,0.0,s/p,s/p,0.0,31.5
2017,6,13 ,s/p,s/p,2.0,7.0,9.0,40.5
2017,6,14 ,9.0,0.6,,s/p,9.6,50.1
2017,6,15 ,s/p,s/p,s/p,s/p,s/p,50.1
2017,6,16 ,s/p,1.0,s/p,15.0,16.0,66.1
2017,6,17 ,s/p,s/p,0.0,s/p,0.0,66.1
2017,6,18 ,s/p,0.0,0.0,s/p,0.0,66.1
2017,6,19 ,s/p,s/p,s/p,s/p,s/p,66.1
2017,6,20 ,s/p,s/p,s/p,s/p,s/p,66.1
2017,6,21 ,0.0,1.8,s/p,s/p,1.8,67.9
2017,6,22 ,s/p,s/p,s/p,s/p,s/p,67.9
2017,6,23 ,s/p,s/p,s/p,s/p,s/p,67.9
2017,6,24 ,s/p,0.0,s/p,8.0,8.0,75.9
2017,6,25 ,20.0,2.1,s/p,1.8,23.9,99.8
2017,6,26 ,s/p,s/p,s/p,s/p,s/p,99.8
2017,6,27 ,s/p,s/p,s/p,s/p,s/p,99.8
2017,6,28 ,s/p,s/p,3.6,0.4,4.0,103.8
2017,6,29 ,s/p,s/p,s/p,s/p,s/p,103.8
2017,6,30 ,s/p,0.4,s/p,1.0,1.4,105.2
