Annio,Mes,Dia,(12-18],(18-00],(00-06],(06-12],SumaDiaria,AcumuladoMensual
1980,7,1 ,s/p,s/p,s/p,s/p,s/p,s/p
1980,7,2 ,s/p,s/p,s/p,s/p,s/p,s/p
1980,7,3 ,s/p,s/p,s/p,s/p,s/p,s/p
1980,7,4 ,s/p,s/p,s/p,s/p,s/p,s/p
1980,7,5 ,s/p,s/p,s/p,s/p,s/p,s/p
1980,7,6 ,s/p,8.0,s/p,44.4,52.4,52.4
1980,7,7 ,s/p,12.4,s/p,0.5,12.9,65.3
1980,7,8 ,s/p,s/p,s/p,s/p,s/p,65.3
1980,7,9 ,s/p,s/p,s/p,s/p,s/p,65.3
1980,7,10 ,s/p,s/p,s/p,s/p,s/p,65.3
1980,7,11 ,s/p,s/p,s/p,s/p,s/p,65.3
1980,7,12 ,s/p,s/p,s/p,s/p,s/p,65.3
1980,7,13 ,s/p,0.0,s/p,s/p,0.0,65.3
1980,7,14 ,s/p,s/p,s/p,s/p,s/p,65.3
1980,7,15 ,s/p,s/p,s/p,s/p,s/p,65.3
1980,7,16 ,s/p,s/p,s/p,0.0,0.0,65.3
1980,7,17 ,s/p,0.2,s/p,36.5,36.7,102.0
1980,7,18 ,s/p,8.0,s/p,18.3,26.3,128.3
1980,7,19 ,s/p,s/p,s/p,s/p,s/p,128.3
1980,7,20 ,s/p,s/p,s/p,s/p,s/p,128.3
1980,7,21 ,s/p,s/p,s/p,s/p,s/p,128.3
1980,7,22 ,s/p,s/p,s/p,s/p,s/p,128.3
1980,7,23 ,s/p,s/p,s/p,s/p,s/p,128.3
1980,7,24 ,s/p,s/p,s/p,20.9,20.9,149.2
1980,7,25 ,s/p,2.0,s/p,30.0,32.0,181.2
1980,7,26 ,s/p,8.6,s/p,s/p,8.6,189.8
1980,7,27 ,s/p,s/p,s/p,9.4,9.4,199.2
1980,7,28 ,s/p,6.3,s/p,s/p,6.3,205.5
1980,7,29 ,s/p,s/p,s/p,s/p,s/p,205.5
1980,7,30 ,s/p,s/p,s/p,s/p,s/p,205.5
1980,7,31 ,s/p,s/p,s/p,s/p,s/p,205.5
