Annio,Mes,Dia,(12-18],(18-00],(00-06],(06-12],SumaDiaria,AcumuladoMensual
2020,11,1 ,0.6,s/p,s/p,s/p,0.6,0.6
2020,11,2 ,s/p,s/p,s/p,6.0,6.0,6.6
2020,11,3 ,4.5,s/p,4.3,0.0,8.8,15.4
2020,11,4 ,s/p,1.1,0.3,s/p,1.4,16.8
2020,11,5 ,s/p,s/p,s/p,s/p,s/p,16.8
2020,11,6 ,s/p,s/p,s/p,s/p,s/p,16.8
2020,11,7 ,s/p,s/p,s/p,s/p,s/p,16.8
2020,11,8 ,0.3,s/p,s/p,0.3,0.6,17.4
2020,11,9 ,2.2,0.0,s/p,2.2,4.4,21.8
2020,11,10 ,s/p,s/p,s/p,s/p,s/p,21.8
2020,11,11 ,2.3,s/p,s/p,s/p,2.3,24.1
2020,11,12 ,s/p,s/p,s/p,s/p,s/p,24.1
2020,11,13 ,s/p,s/p,s/p,s/p,s/p,24.1
2020,11,14 ,s/p,s/p,s/p,s/p,s/p,24.1
2020,11,15 ,s/p,s/p,s/p,s/p,s/p,24.1
2020,11,16 ,s/p,s/p,s/p,s/p,s/p,24.1
2020,11,17 ,s/p,s/p,s/p,s/p,s/p,24.1
2020,11,18 ,s/p,s/p,s/p,s/p,s/p,24.1
2020,11,19 ,s/p,s/p,s/p,s/p,s/p,24.1
2020,11,20 ,s/p,s/p,s/p,s/p,s/p,24.1
2020,11,21 ,s/p,0.1,1.7,s/p,1.8,25.9
2020,11,22 ,s/p,s/p,s/p,1.6,1.6,27.5
2020,11,23 ,s/p,s/p,s/p,s/p,s/p,27.5
2020,11,24 ,0.0,0.0,s/p,2.0,2.0,29.5
2020,11,25 ,0.3,0.9,s/p,s/p,1.2,30.7
2020,11,26 ,s/p,4.5,s/p,0.0,4.5,35.2
2020,11,27 ,s/p,0.4,s/p,s/p,0.4,35.6
2020,11,28 ,s/p,s/p,s/p,s/p,s/p,35.6
2020,11,29 ,s/p,s/p,s/p,s/p,s/p,35.6
2020,11,30 ,s/p,s/p,0.5,0.5,1.0,36.6
