Annio,Mes,Dia,(12-18],(18-00],(00-06],(06-12],SumaDiaria,AcumuladoMensual
2022,3,1 ,s/p,2.7,1.6,s/p,4.3,4.3
2022,3,2 ,s/p,s/p,s/p,s/p,s/p,4.3
2022,3,3 ,s/p,s/p,1.4,s/p,1.4,5.7
2022,3,4 ,s/p,s/p,s/p,s/p,s/p,5.7
2022,3,5 ,s/p,s/p,s/p,s/p,s/p,5.7
2022,3,6 ,7.9,1.2,2.3,2.1,13.5,19.2
2022,3,7 ,1.9,s/p,s/p,s/p,1.9,21.1
2022,3,8 ,5.5,6.0,s/p,0.1,11.6,32.7
2022,3,9 ,s/p,s/p,s/p,s/p,s/p,32.7
2022,3,10 ,s/p,s/p,s/p,s/p,s/p,32.7
2022,3,11 ,s/p,s/p,s/p,s/p,s/p,32.7
2022,3,12 ,s/p,s/p,s/p,s/p,s/p,32.7
2022,3,13 ,s/p,s/p,s/p,s/p,s/p,32.7
2022,3,14 ,s/p,s/p,s/p,s/p,s/p,32.7
2022,3,15 ,s/p,s/p,s/p,s/p,s/p,32.7
2022,3,16 ,s/p,s/p,2.9,0.2,3.1,35.8
2022,3,17 ,s/p,s/p,s/p,s/p,s/p,35.8
2022,3,18 ,s/p,s/p,s/p,s/p,s/p,35.8
2022,3,19 ,s/p,s/p,s/p,s/p,s/p,35.8
2022,3,20 ,s/p,7.5,0.3,0.3,8.1,43.9
2022,3,21 ,2.8,s/p,s/p,s/p,2.8,46.7
2022,3,22 ,s/p,s/p,4.2,2.0,6.2,52.9
2022,3,23 ,s/p,s/p,s/p,s/p,s/p,52.9
2022,3,24 ,s/p,s/p,s/p,s/p,s/p,52.9
2022,3,25 ,s/p,s/p,s/p,s/p,s/p,52.9
2022,3,26 ,s/p,s/p,2.5,1.3,3.8,56.7
2022,3,27 ,s/p,s/p,s/p,s/p,s/p,56.7
2022,3,28 ,s/p,3.8,0.8,s/p,4.6,61.3
2022,3,29 ,s/p,s/p,s/p,s/p,s/p,61.3
2022,3,30 ,s/p,s/p,s/p,s/p,s/p,61.3
2022,3,31 ,s/p,s/p,s/p,s/p,s/p,61.3
