Annio,Mes,Dia,(12-18],(18-00],(00-06],(06-12],SumaDiaria,AcumuladoMensual
1977,2,1 ,,,,,s/p,s/p
1977,2,2 ,,,,,s/p,s/p
1977,2,3 ,,,,,s/p,s/p
1977,2,4 ,,,,,s/p,s/p
1977,2,5 ,,,,,s/p,s/p
1977,2,6 ,,,,,s/p,s/p
1977,2,7 ,,,,,s/p,s/p
1977,2,8 ,,,,,s/p,s/p
1977,2,9 ,,,,,s/p,s/p
1977,2,10 ,,,,,8.0,8.0
1977,2,11 ,,,,,6.0,14.0
1977,2,12 ,,,,,s/p,14.0
1977,2,13 ,,,,,s/p,14.0
1977,2,14 ,,,,,5.0,19.0
1977,2,15 ,,,,,10.0,29.0
1977,2,16 ,,,,,2.0,31.0
1977,2,17 ,,,,,3.0,34.0
1977,2,18 ,,,,,s/p,34.0
1977,2,19 ,,,,,4.0,38.0
1977,2,20 ,,,,,5.0,43.0
1977,2,21 ,,,,,4.0,47.0
1977,2,22 ,,,,,6.0,53.0
1977,2,23 ,,,,,2.0,55.0
1977,2,24 ,,,,,s/p,55.0
1977,2,25 ,,,,,s/p,55.0
1977,2,26 ,,,,,s/p,55.0
1977,2,27 ,,,,,s/p,55.0
1977,2,28 ,,,,,s/p,55.0
