Annio,Mes,Dia,(12-18],(18-00],(00-06],(06-12],SumaDiaria,AcumuladoMensual
2022,3,1 ,0.5,2.3,,0.2,3.0,3.0
2022,3,2 ,s/p,s/p,,0.1,0.1,3.1
2022,3,3 ,3.0,5.0,,0.1,8.1,11.2
2022,3,4 ,s/p,0.2,,s/p,0.2,11.4
2022,3,5 ,s/p,s/p,s/p,,s/p,11.4
2022,3,6 ,5.4,9.3,,,14.7,26.1
2022,3,7 ,1.4,s/p,,0.9,2.3,28.4
2022,3,8 ,13.4,0.1,,0.1,13.6,42.0
2022,3,9 ,s/p,s/p,,0.1,0.1,42.1
2022,3,10 ,s/p,s/p,,s/p,s/p,42.1
2022,3,11 ,s/p,s/p,,,s/p,42.1
2022,3,12 ,,,,,,
2022,3,13 ,s/p,s/p,,s/p,s/p,42.1
2022,3,14 ,,,,s/p,s/p,42.1
2022,3,15 ,s/p,s/p,,s/p,s/p,42.1
2022,3,16 ,s/p,5.0,,,5.0,47.1
2022,3,17 ,,,,,,
2022,3,18 ,s/p,s/p,,,s/p,47.1
2022,3,19 ,,,s/p,,s/p,47.1
2022,3,20 ,1.2,2.8,,,4.0,51.1
2022,3,21 ,,,,,,
2022,3,22 ,,,,,,
2022,3,23 ,,,,,,
2022,3,24 ,s/p,s/p,,,s/p,51.1
2022,3,25 ,,s/p,,s/p,s/p,51.1
2022,3,26 ,s/p,s/p,,0.2,0.2,51.3
2022,3,27 ,s/p,s/p,s/p,1.3,1.3,52.6
2022,3,28 ,2.3,0.4,2.1,2.4,7.2,59.8
2022,3,29 ,s/p,s/p,s/p,s/p,s/p,59.8
2022,3,30 ,s/p,s/p,,s/p,s/p,59.8
2022,3,31 ,s/p,s/p,,,s/p,59.8
