Annio,Mes,Dia,(12-18],(18-00],(00-06],(06-12],SumaDiaria,AcumuladoMensual
1986,10,1 ,s/p,0.4,7.4,7.2,15.0,15.0
1986,10,2 ,0.2,5.8,1.0,s/p,7.0,22.0
1986,10,3 ,8.4,11.8,2.8,s/p,23.0,45.0
1986,10,4 ,2.7,s/p,s/p,s/p,2.7,47.7
1986,10,5 ,s/p,1.9,s/p,s/p,1.9,49.6
1986,10,6 ,s/p,s/p,s/p,s/p,s/p,49.6
1986,10,7 ,0.1,s/p,s/p,s/p,0.1,49.7
1986,10,8 ,s/p,s/p,s/p,s/p,s/p,49.7
1986,10,9 ,s/p,s/p,0.6,s/p,0.6,50.3
1986,10,10 ,0.2,s/p,s/p,s/p,0.2,50.5
1986,10,11 ,s/p,s/p,s/p,s/p,s/p,50.5
1986,10,12 ,s/p,s/p,s/p,s/p,s/p,50.5
1986,10,13 ,s/p,s/p,s/p,s/p,s/p,50.5
1986,10,14 ,s/p,s/p,s/p,s/p,s/p,50.5
1986,10,15 ,s/p,s/p,s/p,s/p,s/p,50.5
1986,10,16 ,s/p,s/p,s/p,s/p,s/p,50.5
1986,10,17 ,s/p,s/p,s/p,s/p,s/p,50.5
1986,10,18 ,s/p,s/p,s/p,s/p,s/p,50.5
1986,10,19 ,s/p,s/p,s/p,19.2,19.2,69.7
1986,10,20 ,40.7,0.3,s/p,s/p,41.0,110.7
1986,10,21 ,s/p,s/p,s/p,s/p,s/p,110.7
1986,10,22 ,s/p,s/p,s/p,s/p,s/p,110.7
1986,10,23 ,s/p,s/p,s/p,s/p,s/p,110.7
1986,10,24 ,s/p,s/p,s/p,s/p,s/p,110.7
1986,10,25 ,s/p,s/p,s/p,s/p,s/p,110.7
1986,10,26 ,s/p,s/p,s/p,s/p,s/p,110.7
1986,10,27 ,s/p,s/p,s/p,s/p,s/p,110.7
1986,10,28 ,s/p,s/p,s/p,s/p,s/p,110.7
1986,10,29 ,2.3,12.2,2.0,0.3,16.8,127.5
1986,10,30 ,3.0,0.1,0.4,2.4,5.9,133.4
1986,10,31 ,s/p,0.0,1.1,s/p,1.1,134.5
