Annio,Mes,Dia,(12-18],(18-00],(00-06],(06-12],SumaDiaria,AcumuladoMensual
2019,9,1 ,s/p,s/p,,s/p,s/p,s/p
2019,9,2 ,s/p,s/p,,s/p,s/p,s/p
2019,9,3 ,s/p,s/p,,s/p,s/p,s/p
2019,9,4 ,s/p,s/p,,s/p,s/p,s/p
2019,9,5 ,s/p,s/p,,s/p,s/p,s/p
2019,9,6 ,s/p,s/p,,s/p,s/p,s/p
2019,9,7 ,0.1,,s/p,s/p,0.1,0.1
2019,9,8 ,s/p,s/p,s/p,s/p,s/p,0.1
2019,9,9 ,s/p,s/p,s/p,s/p,s/p,0.1
2019,9,10 ,s/p,s/p,s/p,s/p,s/p,0.1
2019,9,11 ,0.5,s/p,s/p,s/p,0.5,0.6
2019,9,12 ,s/p,s/p,s/p,s/p,s/p,0.6
2019,9,13 ,s/p,s/p,s/p,0.2,0.2,0.8
2019,9,14 ,0.6,,s/p,0.1,0.7,1.5
2019,9,15 ,s/p,s/p,s/p,1.5,1.5,3.0
2019,9,16 ,0.1,s/p,0.3,0.7,1.1,4.1
2019,9,17 ,0.7,s/p,s/p,s/p,0.7,4.8
2019,9,18 ,s/p,s/p,s/p,s/p,s/p,4.8
2019,9,19 ,2.0,0.6,0.1,0.3,3.0,7.8
2019,9,20 ,0.1,0.4,s/p,s/p,0.5,8.3
2019,9,21 ,0.2,s/p,,s/p,0.2,8.5
2019,9,22 ,s/p,s/p,s/p,s/p,s/p,8.5
2019,9,23 ,s/p,0.1,0.1,s/p,0.2,8.7
2019,9,24 ,s/p,s/p,s/p,s/p,s/p,8.7
2019,9,25 ,s/p,s/p,s/p,s/p,s/p,8.7
2019,9,26 ,s/p,s/p,s/p,s/p,s/p,8.7
2019,9,27 ,s/p,s/p,s/p,s/p,s/p,8.7
2019,9,28 ,s/p,3.9,,s/p,3.9,12.6
2019,9,29 ,s/p,s/p,s/p,s/p,s/p,12.6
2019,9,30 ,s/p,s/p,s/p,s/p,s/p,12.6
