Annio,Mes,Dia,(12-18],(18-00],(00-06],(06-12],SumaDiaria,AcumuladoMensual
2021,9,1 ,s/p,s/p,s/p,s/p,s/p,s/p
2021,9,2 ,s/p,s/p,0.1,0.2,0.3,0.3
2021,9,3 ,s/p,s/p,s/p,1.1,1.1,1.4
2021,9,4 ,0.1,,s/p,,0.1,1.5
2021,9,5 ,8.5,s/p,,4.6,13.1,14.6
2021,9,6 ,2.2,s/p,,s/p,2.2,16.8
2021,9,7 ,s/p,s/p,,0.1,0.1,16.9
2021,9,8 ,s/p,s/p,,s/p,s/p,16.9
2021,9,9 ,0.1,s/p,,0.1,0.2,17.1
2021,9,10 ,s/p,s/p,,s/p,s/p,17.1
2021,9,11 ,0.1,6.7,,,6.8,23.9
2021,9,12 ,3.9,2.2,,0.8,6.9,30.8
2021,9,13 ,s/p,s/p,,0.3,0.3,31.1
2021,9,14 ,0.1,s/p,,0.4,0.5,31.6
2021,9,15 ,0.2,0.1,,s/p,0.3,31.9
2021,9,16 ,s/p,s/p,,0.5,0.5,32.4
2021,9,17 ,4.5,s/p,,0.1,4.6,37.0
2021,9,18 ,s/p,s/p,,,s/p,37.0
2021,9,19 ,s/p,s/p,,0.1,0.1,37.1
2021,9,20 ,s/p,s/p,,s/p,s/p,37.1
2021,9,21 ,s/p,,,s/p,s/p,37.1
2021,9,22 ,s/p,s/p,,s/p,s/p,37.1
2021,9,23 ,s/p,s/p,,s/p,s/p,37.1
2021,9,24 ,s/p,s/p,,0.3,0.3,37.4
2021,9,25 ,3.3,0.5,,0.1,3.9,41.3
2021,9,26 ,0.1,s/p,,s/p,0.1,41.4
2021,9,27 ,s/p,s/p,,s/p,s/p,41.4
2021,9,28 ,s/p,s/p,,s/p,s/p,41.4
2021,9,29 ,s/p,,,0.2,0.2,41.6
2021,9,30 ,3.7,2.6,,5.1,11.4,53.0
