Annio,Mes,Dia,(12-18],(18-00],(00-06],(06-12],SumaDiaria,AcumuladoMensual
1982,1,1 ,,,,,8.0,8.0
1982,1,2 ,,,,,2.0,10.0
1982,1,3 ,,,,,1.0,11.0
1982,1,4 ,,,,,s/p,11.0
1982,1,5 ,,,,,s/p,11.0
1982,1,6 ,,,,,s/p,11.0
1982,1,7 ,,,,,s/p,11.0
1982,1,8 ,,,,,s/p,11.0
1982,1,9 ,,,,,s/p,11.0
1982,1,10 ,,,,,s/p,11.0
1982,1,11 ,,,,,s/p,11.0
1982,1,12 ,,,,,s/p,11.0
1982,1,13 ,,,,,s/p,11.0
1982,1,14 ,,,,,s/p,11.0
1982,1,15 ,,,,,s/p,11.0
1982,1,16 ,,,,,s/p,11.0
1982,1,17 ,,,,,s/p,11.0
1982,1,18 ,,,,,12.0,23.0
1982,1,19 ,,,,,3.0,26.0
1982,1,20 ,,,,,5.0,31.0
1982,1,21 ,,,,,4.0,35.0
1982,1,22 ,,,,,4.0,39.0
1982,1,23 ,,,,,8.0,47.0
1982,1,24 ,,,,,s/p,47.0
1982,1,25 ,,,,,2.0,49.0
1982,1,26 ,,,,,s/p,49.0
1982,1,27 ,,,,,s/p,49.0
1982,1,28 ,,,,,s/p,49.0
1982,1,29 ,,,,,2.0,51.0
1982,1,30 ,,,,,5.0,56.0
1982,1,31 ,,,,,7.0,63.0
