Annio,Mes,Dia,(12-18],(18-00],(00-06],(06-12],SumaDiaria,AcumuladoMensual
2011,3,1 ,s/p,s/p,s/p,28.4,28.4,28.4
2011,3,2 ,0.0,s/p,s/p,0.0,0.0,28.4
2011,3,3 ,s/p,s/p,s/p,s/p,s/p,28.4
2011,3,4 ,s/p,s/p,s/p,s/p,s/p,28.4
2011,3,5 ,s/p,s/p,s/p,s/p,s/p,28.4
2011,3,6 ,s/p,s/p,s/p,s/p,s/p,28.4
2011,3,7 ,s/p,s/p,s/p,s/p,s/p,28.4
2011,3,8 ,s/p,s/p,s/p,s/p,s/p,28.4
2011,3,9 ,s/p,s/p,s/p,s/p,s/p,28.4
2011,3,10 ,s/p,s/p,s/p,s/p,s/p,28.4
2011,3,11 ,s/p,s/p,s/p,s/p,s/p,28.4
2011,3,12 ,s/p,s/p,s/p,s/p,s/p,28.4
2011,3,13 ,s/p,s/p,s/p,s/p,s/p,28.4
2011,3,14 ,s/p,s/p,s/p,39.2,39.2,67.6
2011,3,15 ,s/p,s/p,s/p,0.0,0.0,67.6
2011,3,16 ,2.4,s/p,s/p,7.0,9.4,77.0
2011,3,17 ,0.0,s/p,s/p,0.0,0.0,77.0
2011,3,18 ,s/p,s/p,s/p,s/p,s/p,77.0
2011,3,19 ,s/p,s/p,s/p,s/p,s/p,77.0
2011,3,20 ,s/p,s/p,s/p,24.3,24.3,101.3
2011,3,21 ,13.5,s/p,s/p,s/p,13.5,114.8
2011,3,22 ,s/p,s/p,s/p,28.9,28.9,143.7
2011,3,23 ,0.6,s/p,s/p,0.0,0.6,144.3
2011,3,24 ,s/p,s/p,s/p,0.9,0.9,145.2
2011,3,25 ,s/p,s/p,s/p,s/p,s/p,145.2
2011,3,26 ,s/p,s/p,s/p,s/p,s/p,145.2
2011,3,27 ,s/p,s/p,s/p,1.5,1.5,146.7
2011,3,28 ,s/p,s/p,s/p,0.0,0.0,146.7
2011,3,29 ,0.3,s/p,s/p,0.3,0.6,147.3
2011,3,30 ,6.0,s/p,s/p,4.4,10.4,157.7
2011,3,31 ,s/p,s/p,s/p,0.0,0.0,157.7
