Annio,Mes,Dia,(12-18],(18-00],(00-06],(06-12],SumaDiaria,AcumuladoMensual
1972,6,1 ,,,,,s/p,s/p
1972,6,2 ,,,,,s/p,s/p
1972,6,3 ,,,,,s/p,s/p
1972,6,4 ,,,,,s/p,s/p
1972,6,5 ,,,,,1.0,1.0
1972,6,6 ,,,,,4.0,5.0
1972,6,7 ,,,,,30.0,35.0
1972,6,8 ,,,,,10.0,45.0
1972,6,9 ,,,,,7.0,52.0
1972,6,10 ,,,,,s/p,52.0
1972,6,11 ,,,,,s/p,52.0
1972,6,12 ,,,,,s/p,52.0
1972,6,13 ,,,,,55.0,107.0
1972,6,14 ,,,,,78.0,185.0
1972,6,15 ,,,,,44.0,229.0
1972,6,16 ,,,,,s/p,229.0
1972,6,17 ,,,,,s/p,229.0
1972,6,18 ,,,,,s/p,229.0
1972,6,19 ,,,,,s/p,229.0
1972,6,20 ,,,,,s/p,229.0
1972,6,21 ,,,,,s/p,229.0
1972,6,22 ,,,,,s/p,229.0
1972,6,23 ,,,,,s/p,229.0
1972,6,24 ,,,,,s/p,229.0
1972,6,25 ,,,,,s/p,229.0
1972,6,26 ,,,,,s/p,229.0
1972,6,27 ,,,,,s/p,229.0
1972,6,28 ,,,,,26.0,255.0
1972,6,29 ,,,,,16.0,271.0
1972,6,30 ,,,,,s/p,271.0
