Annio,Mes,Dia,(12-18],(18-00],(00-06],(06-12],SumaDiaria,AcumuladoMensual
1987,7,1 ,,,,,s/p,s/p
1987,7,2 ,,,,,s/p,s/p
1987,7,3 ,,,,,s/p,s/p
1987,7,4 ,,,,,s/p,s/p
1987,7,5 ,,,,,s/p,s/p
1987,7,6 ,,,,,s/p,s/p
1987,7,7 ,,,,,s/p,s/p
1987,7,8 ,,,,,s/p,s/p
1987,7,9 ,,,,,s/p,s/p
1987,7,10 ,,,,,7.0,7.0
1987,7,11 ,,,,,21.0,28.0
1987,7,12 ,,,,,46.0,74.0
1987,7,13 ,,,,,s/p,74.0
1987,7,14 ,,,,,78.0,152.0
1987,7,15 ,,,,,27.0,179.0
1987,7,16 ,,,,,38.5,217.5
1987,7,17 ,,,,,s/p,217.5
1987,7,18 ,,,,,s/p,217.5
1987,7,19 ,,,,,s/p,217.5
1987,7,20 ,,,,,s/p,217.5
1987,7,21 ,,,,,22.0,239.5
1987,7,22 ,,,,,s/p,239.5
1987,7,23 ,,,,,s/p,239.5
1987,7,24 ,,,,,76.0,315.5
1987,7,25 ,,,,,47.0,362.5
1987,7,26 ,,,,,2.5,365.0
1987,7,27 ,,,,,s/p,365.0
1987,7,28 ,,,,,s/p,365.0
1987,7,29 ,,,,,s/p,365.0
1987,7,30 ,,,,,s/p,365.0
1987,7,31 ,,,,,s/p,365.0
