Annio,Mes,Dia,(12-18],(18-00],(00-06],(06-12],SumaDiaria,AcumuladoMensual
2021,5,1 ,8.4,3.6,7.4,,19.4,19.4
2021,5,2 ,s/p,0.6,0.2,s/p,0.8,20.2
2021,5,3 ,s/p,s/p,s/p,s/p,s/p,20.2
2021,5,4 ,s/p,s/p,s/p,s/p,s/p,20.2
2021,5,5 ,s/p,,s/p,0.2,0.2,20.4
2021,5,6 ,s/p,,,,s/p,20.4
2021,5,7 ,,,,s/p,s/p,20.4
2021,5,8 ,0.2,1.0,0.2,0.2,1.6,22.0
2021,5,9 ,s/p,s/p,s/p,s/p,s/p,22.0
2021,5,10 ,s/p,s/p,s/p,s/p,s/p,22.0
2021,5,11 ,s/p,s/p,s/p,0.2,0.2,22.2
2021,5,12 ,s/p,s/p,s/p,0.2,0.2,22.4
2021,5,13 ,s/p,s/p,s/p,0.4,0.4,22.8
2021,5,14 ,s/p,0.6,0.2,0.2,1.0,23.8
2021,5,15 ,,s/p,s/p,s/p,s/p,23.8
2021,5,16 ,s/p,s/p,s/p,s/p,s/p,23.8
2021,5,17 ,,s/p,s/p,0.2,0.2,24.0
2021,5,18 ,s/p,s/p,s/p,4.0,4.0,28.0
2021,5,19 ,1.4,1.8,s/p,0.2,3.4,31.4
2021,5,20 ,,0.6,2.8,s/p,3.4,34.8
2021,5,21 ,0.2,s/p,s/p,s/p,0.2,35.0
2021,5,22 ,s/p,s/p,s/p,s/p,s/p,35.0
2021,5,23 ,0.2,1.4,,,1.6,36.6
2021,5,24 ,,,s/p,0.2,0.2,36.8
2021,5,25 ,s/p,2.6,1.4,0.4,4.4,41.2
2021,5,26 ,s/p,1.4,1.8,7.8,11.0,52.2
2021,5,27 ,0.2,4.2,3.8,s/p,8.2,60.4
2021,5,28 ,s/p,s/p,s/p,s/p,s/p,60.4
2021,5,29 ,s/p,s/p,s/p,s/p,s/p,60.4
2021,5,30 ,s/p,1.2,2.2,2.4,5.8,66.2
2021,5,31 ,1.6,4.2,2.0,3.0,10.8,77.0
