Annio,Mes,Dia,(12-18],(18-00],(00-06],(06-12],SumaDiaria,AcumuladoMensual
2012,5,1 ,s/p,0.0,s/p,s/p,0.0,0.0
2012,5,2 ,s/p,s/p,s/p,s/p,s/p,s/p
2012,5,3 ,,,s/p,s/p,s/p,s/p
2012,5,4 ,s/p,s/p,s/p,s/p,s/p,s/p
2012,5,5 ,0.4,2.0,0.4,s/p,2.8,2.8
2012,5,6 ,s/p,s/p,s/p,s/p,s/p,2.8
2012,5,7 ,s/p,s/p,s/p,s/p,s/p,2.8
2012,5,8 ,,0.4,s/p,0.2,0.6,3.4
2012,5,9 ,s/p,s/p,2.0,1.0,3.0,6.4
2012,5,10 ,0.2,,s/p,s/p,0.2,6.6
2012,5,11 ,s/p,s/p,s/p,1.0,1.0,7.6
2012,5,12 ,s/p,s/p,s/p,s/p,s/p,7.6
2012,5,13 ,0.2,s/p,0.2,s/p,0.4,8.0
2012,5,14 ,,s/p,s/p,0.0,0.0,8.0
2012,5,15 ,0.2,s/p,s/p,0.2,0.4,8.4
2012,5,16 ,,,s/p,s/p,s/p,8.4
2012,5,17 ,s/p,s/p,s/p,s/p,s/p,8.4
2012,5,18 ,s/p,s/p,0.2,0.2,0.4,8.8
2012,5,19 ,s/p,0.0,s/p,0.0,0.0,8.8
2012,5,20 ,0.2,s/p,s/p,1.0,1.2,10.0
2012,5,21 ,0.2,0.0,0.0,0.0,0.2,10.2
2012,5,22 ,0.0,0.0,2.8,0.2,3.0,13.2
2012,5,23 ,s/p,s/p,s/p,s/p,s/p,13.2
2012,5,24 ,s/p,s/p,s/p,s/p,s/p,13.2
2012,5,25 ,s/p,s/p,s/p,0.6,0.6,13.8
2012,5,26 ,0.4,0.4,0.4,0.0,1.2,15.0
2012,5,27 ,4.6,1.8,0.2,s/p,6.6,21.6
2012,5,28 ,2.0,1.0,s/p,s/p,3.0,24.6
2012,5,29 ,s/p,s/p,s/p,s/p,s/p,24.6
2012,5,30 ,0.0,s/p,s/p,s/p,0.0,24.6
2012,5,31 ,s/p,s/p,s/p,s/p,s/p,24.6
