Annio,Mes,Dia,(12-18],(18-00],(00-06],(06-12],SumaDiaria,AcumuladoMensual
2011,5,1 ,,,,,s/p,s/p
2011,5,2 ,,,,,s/p,s/p
2011,5,3 ,,,,,s/p,s/p
2011,5,4 ,,,,,s/p,s/p
2011,5,5 ,,,,,s/p,s/p
2011,5,6 ,,,,,2.1,2.1
2011,5,7 ,,,,,2.0,4.1
2011,5,8 ,,,,,s/p,4.1
2011,5,9 ,,,,,1.1,5.2
2011,5,10 ,,,,,1.0,6.2
2011,5,11 ,,,,,s/p,6.2
2011,5,12 ,,,,,0.5,6.7
2011,5,13 ,,,,,s/p,6.7
2011,5,14 ,,,,,s/p,6.7
2011,5,15 ,,,,,0.5,7.2
2011,5,16 ,,,,,1.1,8.3
2011,5,17 ,,,,,s/p,8.3
2011,5,18 ,,,,,11.4,19.7
2011,5,19 ,,,,,s/p,19.7
2011,5,20 ,,,,,s/p,19.7
2011,5,21 ,,,,,s/p,19.7
2011,5,22 ,,,,,4.1,23.8
2011,5,23 ,,,,,9.3,33.1
2011,5,24 ,,,,,s/p,33.1
2011,5,25 ,,,,,s/p,33.1
2011,5,26 ,,,,,s/p,33.1
2011,5,27 ,,,,,s/p,33.1
2011,5,28 ,,,,,s/p,33.1
2011,5,29 ,,,,,s/p,33.1
2011,5,30 ,,,,,s/p,33.1
2011,5,31 ,,,,,s/p,33.1
