Annio,Mes,Dia,(12-18],(18-00],(00-06],(06-12],SumaDiaria,AcumuladoMensual
2022,3,1 ,2.0,0.2,,0.1,2.3,2.3
2022,3,2 ,0.1,5.7,,s/p,5.8,8.1
2022,3,3 ,4.1,7.4,,s/p,11.5,19.6
2022,3,4 ,0.1,s/p,,,0.1,19.7
2022,3,5 ,s/p,0.9,,,0.9,20.6
2022,3,6 ,s/p,4.4,,0.1,4.5,25.1
2022,3,7 ,s/p,3.8,,s/p,3.8,28.9
2022,3,8 ,0.5,2.1,,s/p,2.6,31.5
2022,3,9 ,s/p,0.1,,0.1,0.2,31.7
2022,3,10 ,0.2,,,,0.2,31.9
2022,3,11 ,,,,s/p,s/p,31.9
2022,3,12 ,s/p,s/p,,,s/p,31.9
2022,3,13 ,,,,,,
2022,3,14 ,s/p,s/p,,,s/p,31.9
2022,3,15 ,,0.7,,,0.7,32.6
2022,3,16 ,,,,s/p,s/p,32.6
2022,3,17 ,s/p,s/p,,s/p,s/p,32.6
2022,3,18 ,,,,,,
2022,3,19 ,1.5,2.5,,,4.0,36.6
2022,3,20 ,,,,s/p,s/p,36.6
2022,3,21 ,1.4,2.7,0.1,,4.2,40.8
2022,3,22 ,s/p,0.7,,s/p,0.7,41.5
2022,3,23 ,s/p,s/p,,s/p,s/p,41.5
2022,3,24 ,s/p,,,s/p,s/p,41.5
2022,3,25 ,s/p,,,,s/p,41.5
2022,3,26 ,,,,s/p,s/p,41.5
2022,3,27 ,s/p,s/p,s/p,s/p,s/p,41.5
2022,3,28 ,s/p,s/p,s/p,s/p,s/p,41.5
2022,3,29 ,s/p,s/p,s/p,s/p,s/p,41.5
2022,3,30 ,s/p,s/p,,,s/p,41.5
2022,3,31 ,,,,,,
